,Bihar_s(t),Bihar_e(t),Bihar_i(t),Bihar_r(t),UttarPradesh_s(t),UttarPradesh_e(t),UttarPradesh_i(t),UttarPradesh_r(t),Haryana_s(t),Haryana_e(t),Haryana_i(t),Haryana_r(t),MadhyaPradesh_s(t),MadhyaPradesh_e(t),MadhyaPradesh_i(t),MadhyaPradesh_r(t)
0,1.0,8.870967741935484e-08,3.2258064516129035e-08,0.0,1.0,1.3080168776371308e-07,1.6033755274261603e-07,0.0,1.0,1.7241379310344828e-07,1.0689655172413794e-06,0.0,1.0,2.823529411764706e-07,1.764705882352941e-07,0.0
1,0.9999999827855509,8.826813208925372e-08,4.075743696041564e-08,9.156621898089958e-09,0.9999999339654462,1.6694564465794996e-07,1.5138429321408843e-07,3.884385645657621e-08,0.9999996048524125,4.990079138058162e-07,8.936006739495372e-07,2.439183102221521e-07,0.9999999287982871,2.957627560262712e-07,1.8862036102095506e-07,4.5642125376415515e-08
2,0.9999999619806412,9.116234558463884e-08,4.760169144994527e-08,2.0223063452386138e-08,0.9999998700692446,1.946022293701972e-07,1.5003790542872465e-07,7.642986101278594e-08,0.9999992625616215,7.185036430709331e-07,8.051050050106067e-07,4.552090406787505e-07,0.9999998528910763,3.110088839087045e-07,2.0062297010588429e-07,9.430059912725135e-08
3,0.9999999381585348,9.625273256525636e-08,5.366207704918931e-08,3.289439730477088e-08,0.9999998056406928,2.1775134232488123e-07,1.5341819003837232e-07,1.1432901537780733e-07,0.9999989445211225,8.765758761836824e-07,7.687517996781622e-07,6.515305119086957e-07,0.9999997722593269,3.2776247315159427e-07,2.128141016864738e-07,1.4598762780539362e-07
4,0.9999999115364891,1.0297900338273993e-07,5.93971882904488e-08,4.70550610312839e-08,0.9999997391758039,2.384922409302213e-07,1.6004517792052852e-07,1.5342601780095004e-07,0.9999986353357352,9.972675464822739e-07,7.663901076732205e-07,8.423859208510354e-07,0.9999996867913902,3.458720593142626e-07,2.2538529841744076e-07,2.007747816264759e-07
5,0.9999998822145687,1.1093532424534221e-07,6.516602004220771e-08,6.265182882622776e-08,0.9999996694325276,2.5844799831731255e-07,1.6880722798660506e-07,1.9445148662405257e-07,0.9999983229248556,1.099005743399647e-06,7.842162740152557e-07,1.0352324372504241e-06,0.9999995963170987,3.652402335023931e-07,2.3849505414116876e-07,2.587711431975975e-07
6,0.9999998501434679,1.1993343710757646e-07,7.117990954387814e-08,7.971092732726013e-08,0.9999995955767789,2.7854802101215395e-07,1.791183799131153e-07,2.3789606072794634e-07,0.9999980000789804,1.1921187410221517e-06,8.14661206767991e-07,1.234520382052883e-06,0.9999995006094762,3.8584129799413775e-07,2.5225054425448566e-07,3.2012221100511244e-07
7,0.9999998151733792,1.2992295068866682e-07,7.75593705283505e-08,9.831204147246499e-08,0.9999995170209913,2.9928982790729144e-07,1.9072305317553994e-07,2.84105368064238e-07,0.9999976626162318,1.2818628468860734e-06,8.54069057938924e-07,1.442831173711428e-06,0.9999993993996784,4.076959372732133e-07,2.667275915062208e-07,3.8500032237324964e-07
8,0.9999997771033208,1.4091023260930085e-07,8.439211180680699e-08,1.1856207669619297e-07,0.999999433262934,3.209994724929398e-07,2.0350199451823807e-07,3.333748395395679e-07,0.999997307567101,1.3713997463765367e-06,9.004146065359176e-07,1.6619978563623715e-06,0.9999992923910053,4.3084662772790154e-07,2.819902258916616e-07,4.535956706427119e-07
9,0.9999997356977609,1.5292940237256557e-07,9.175426258738629e-08,1.4058631610090248e-07,0.9999993438247183,3.4392835788583564e-07,2.1740057742652506e-07,3.859855869153498e-07,0.9999969324904205,1.4629133918503832e-06,9.524481579486194e-07,1.893527339917955e-06,0.9999991792634169,4.553485049851636e-07,2.980981966058603e-07,5.261134110931984e-07
10,0.9999996906855315,1.660369163096065e-07,9.971629589541143e-08,1.6452899816941289e-07,0.9999992482293224,3.6828197456861854e-07,2.3240973111966885e-07,4.422182125051311e-07,0.9999965352481994,1.557949165979426e-06,1.0094425541576786e-06,2.138739390686735e-06,0.9999990596699934,4.812675717613489e-07,3.151100346400974e-07,6.027759297122768e-07
11,0.9999996417778064,1.8030349688079292e-07,1.083426843433946e-07,1.9054375432385672e-07,0.999999146015065,3.9422830898307783e-07,2.485515719134915e-07,5.023442946961218e-07,0.9999961139741125,1.6575765326420696e-06,1.0710425835334764e-06,2.3987860815538253e-06,0.9999989332578828,5.086747467328038e-07,3.330814845043248e-07,6.838094154626293e-07
12,0.999999588647539,1.9581616310053005e-07,1.1769949403047112e-07,2.1880454572121782e-07,0.9999990366917851,4.2192397484535315e-07,2.6587131561285665e-07,5.666521649402799e-07,0.9999956668323936,1.762631495988096e-06,1.1371147955170752e-06,2.6748006251022985e-06,0.9999987996420904,5.376499027343929e-07,3.520708746367157e-07,7.694606617619041e-07
13,0.9999995309251388,2.1267822863189103e-07,1.2785641077695776e-07,2.495079636700086e-07,0.9999989197324174,4.515206990134611e-07,2.844342606202513e-07,6.354518635696392e-07,0.9999951919666783,1.8737803796731039e-06,1.207703299394462e-06,2.9679289529459363e-06,0.9999986584027418,5.682820143936669e-07,3.721399522336129e-07,8.59998821036482e-07
14,0.9999994682095603,2.3100440953990425e-07,1.3888644131869665e-07,2.8286733069683785e-07,0.9999987945831391,4.831684995527219e-07,3.0431843140449957e-07,7.090691704840541e-07,0.9999946874993364,1.9915888041118106e-06,1.2829610428432642e-06,3.2793301268567864e-06,0.9999985090976545,6.006658359175727e-07,3.933526927755603e-07,9.557073462089298e-07
15,0.9999994000605564,2.5092157411425926e-07,1.5086878982697674e-07,3.191168214761987e-07,0.9999986606507345,5.17024481192499e-07,3.256109862595574e-07,7.878530385817296e-07,0.9999941514595191,2.1166072145568643e-06,1.3630918202994108e-06,3.6102207562688848e-06,0.999998351257863,6.349022667132169e-07,4.157765406178468e-07,1.0568868592161474e-06
16,0.9999993260913703,2.725416392472105e-07,1.638725739437541e-07,3.584621584067505e-07,0.9999985174215272,5.532229274038112e-07,3.483891533939608e-07,8.721056326553092e-07,0.9999935821606375,2.249285297265368e-06,1.4482913975120445e-06,3.961641977909948e-06,0.9999981844797358,6.710783459759967e-07,4.394693471746333e-07,1.1637961005673772e-06
17,0.9999992457074686,2.9603745019368087e-07,1.7800323952933516e-07,4.0121958367385644e-07,0.9999983641220216,5.919629878584371e-07,3.727722776546005e-07,9.62281953514121e-07,0.9999929771023899,2.3902522793529383e-06,1.5388874002888912e-06,4.335137240590861e-06,0.9999980081617103,7.09324136232072e-07,4.645169913820869e-07,1.2768206916628287e-06
18,0.9999991584273671,3.215490240337899e-07,1.9334614360141097e-07,4.476452072230666e-07,0.9999982001791858,6.333919979867873e-07,3.9884897394382317e-07,1.0587190828832725e-06,0.9999923345110462,2.5399517562925814e-06,1.6351150125253777e-06,4.731801495190981e-06,0.9999978218904729,7.497290255395563e-07,4.909784498981892e-07,1.3962255811401651e-06
19,0.9999990635198551,3.4928896481646234e-07,2.100309493440888e-07,4.981279726157378e-07,0.9999980246744927,6.777463246242878e-07,4.267610873958375e-07,1.1619573359370797e-06,0.9999916514657544,2.6991170821840192e-06,1.7373586641681209e-06,5.153437809358081e-06,0.9999976249715323,7.924431846180086e-07,5.189528510384649e-07,1.5224559615303121e-06
20,0.9999989603470211,3.794427422385573e-07,2.2817078270522035e-07,5.530071959410929e-07,0.9999978367966724,7.252347726834836e-07,4.566338611445298e-07,1.2724739344278658e-06,0.9999909253715769,2.8684003277461077e-06,1.8459593478443748e-06,5.6016480577299984e-06,0.9999974167852543,8.376005924059039e-07,5.485286438530583e-07,1.655909038939471e-06
21,0.999998848270953,4.121958259969343e-07,2.478787696326572e-07,6.12622193288355e-07,0.9999976357344552,7.760661470769185e-07,4.885925383237862e-07,1.3907461001079535e-06,0.9999901536335754,3.0484535636977048e-06,1.9612580561813947e-06,6.0780341149445645e-06,0.9999971967120048,8.85335227841717e-07,5.797942773921132e-07,1.7969820194738427e-06
22,0.9999987266537393,4.477336857884526e-07,2.69268036074251e-07,6.77312280746747e-07,0.9999974206765712,8.304492527171374e-07,5.227623620674929e-07,1.5172510547296661e-06,0.999989333656812,3.2399288607576665e-06,2.083595781806435e-06,6.584197855639613e-06,0.9999969641321498,9.357810698639228e-07,6.128382007057737e-07,1.9460721092396276e-06
23,0.9999985948382994,4.862481160551198e-07,2.9245435574743497e-07,7.474269706640226e-07,0.9999971907971077,8.885939727942839e-07,5.592735264215328e-07,1.6524746337446225e-06,0.9999884628261193,3.4434510058743974e-06,2.2133485404232924e-06,7.121753644465903e-06,0.9999967184171604,9.890743068056306e-07,6.477498461285424e-07,2.103582216114998e-06
24,0.9999984517103843,5.280817542156602e-07,3.176166507552244e-07,8.235589526151716e-07,0.9999969449209243,9.507359070450134e-07,5.983743029646442e-07,1.79710810634317e-06,0.9999875380438681,3.658994077540106e-06,2.3517276359561383e-06,7.692613728547612e-06,0.999996458726379,1.0454038202951724e-06,6.84642096985601e-07,2.2700512332607783e-06
25,0.9999982960861996,5.735922547591463e-07,3.4495137855181025e-07,9.063379088706762e-07,0.9999966817864193,1.0171518469157487e-06,6.403073717898605e-07,1.9518936026400306e-06,0.9999865558452399,3.886853849840339e-06,2.4997631875769118e-06,8.298917032845435e-06,0.9999961841776454,1.104965425411289e-06,7.236358000553901e-07,2.446044658741581e-06
26,0.9999981270483331,6.230262086697505e-07,3.746413714630405e-07,9.962518285250114e-07,0.9999964002382682,1.0882123861192045e-06,6.851778511795777e-07,2.1175107352083986e-06,0.9999855121895633,4.1289324578321945e-06,2.6570993568980537e-06,8.943157932023764e-06,0.9999958939854404,1.1679210863908101e-06,7.648509628784182e-07,2.6320660399161804e-06
27,0.9999979434648946,6.76701867258315e-07,4.0689819424254983e-07,1.0939027857157124e-06,0.999996098966309,1.1642921116027464e-06,7.33150620396202e-07,2.29473019964399e-06,0.9999844028827468,4.386725448257928e-06,2.8238455844150543e-06,9.627925530618282e-06,0.9999955872661777,1.2344579998276168e-06,8.084175624993518e-07,2.8286817896309786e-06
28,0.9999977440022378,7.350046096541097e-07,4.41960721579236e-07,1.2000001728184383e-06,0.9999957764904259,1.2457793167740788e-06,7.84446830837505e-07,2.484422667209599e-06,0.9999832234472569,4.661440080407044e-06,3.00050804629372e-06,1.0355983926616269e-05,0.9999952630168075,1.304792358630065e-06,8.544794617208394e-07,3.036534901757646e-06
29,0.9999975275268278,7.982774195897389e-07,4.800165548160316e-07,1.3151469395842518e-06,0.9999954316256069,1.3329329419665522e-06,8.392954750545916e-07,2.6872852169464164e-06,0.9999819706515026,4.953345549967142e-06,3.188054165196547e-06,1.1129328092360495e-05,0.999994920416614,1.3791063408981082e-06,9.031490867213392e-07,3.256151487990995e-06
30,0.9999972922096632,8.670650418229613e-07,5.213770678561281e-07,1.4403159689569574e-06,0.9999950624475774,1.4262061780562057e-06,8.98035688238674e-07,2.9044497971293557e-06,0.9999806390578917,5.263324986691153e-06,3.387681591992742e-06,1.195131483978417e-05,0.9999945581613482,1.4576860719621104e-06,9.546084847565821e-07,3.4883676246667765e-06
31,0.9999970366958223,9.417581340251788e-07,5.662858133753297e-07,1.576227972087154e-06,0.9999946675212087,1.5259799498512102e-06,9.608774629847609e-07,3.136760619295407e-06,0.9999792243898298,5.592590336796458e-06,3.5998148814465874e-06,1.2824584262097285e-05,0.9999941753193964,1.5407317811623158e-06,1.0089918368076421e-06,3.7337805151987104e-06
32,0.9999967590462109,1.022920284956981e-06,6.150868510736267e-07,1.7239143948799186e-06,0.9999942448343294,1.6327725820428261e-06,1.0281309886351033e-06,3.385401340734946e-06,0.9999777207875913,5.942617853342792e-06,3.825220065889477e-06,1.3752753799631169e-05,0.9999937705893744,1.6285248244429313e-06,1.0664849282594937e-06,3.993224402461429e-06
33,0.99999645765819,1.1110196729891482e-06,6.680621602975482e-07,1.8842277185571563e-06,0.9999937928061977,1.7469839496986295e-06,1.1000472571625611e-06,3.6513018362643907e-06,0.9999761237896199,6.31444980016242e-06,4.064562083785359e-06,1.4738577806292624e-05,0.9999933429833713,1.7212794665403261e-06,1.1272281087274877e-06,4.267332583056366e-06
34,0.9999961302010474,1.206736572271859e-06,7.256224209177172e-07,2.0584077012499615e-06,0.999993309082983,1.8692113144948777e-06,1.1769981955270834e-06,3.935846747739285e-06,0.9999744266693548,6.7096779487135045e-06,4.318823107786775e-06,1.5786208898796828e-05,0.9999928910027625,1.8193205739650326e-06,1.191434451321186e-06,4.557065741893693e-06
35,0.9999957744998598,1.3107056567703388e-06,7.881509922644815e-07,2.2476112330442124e-06,0.9999927914562463,2.0000154328706232e-06,1.2593323719408602e-06,4.240335189610692e-06,0.9999726230981069,7.12980418971866e-06,4.588922953398204e-06,1.6899554060092418e-05,0.999992413235642,1.9229541802371403e-06,1.2593047345363368e-06,4.863328972764504e-06
36,0.9999953883428434,1.423572417100976e-06,8.56037669956555e-07,2.4530148113577347e-06,0.9999922376913368,2.1399635385769903e-06,1.3474026691728312e-06,4.5660816962150785e-06,0.9999707066870511,7.576342737071798e-06,4.8757921158827975e-06,1.8082557406055863e-05,0.9999919082586842,2.032488809543009e-06,1.331041345050129e-06,5.1870346908072215e-06
37,0.999994968595992,1.5462529702337068e-06,9.298332818235211e-07,2.676285497708787e-06,0.9999916448978007,2.289784923965347e-06,1.4416699177053817e-06,4.914786598499822e-06,0.999968669542798,8.051116123282481e-06,5.180628291886481e-06,1.9340092096932553e-05,0.9999913743628361,2.14829530109793e-06,1.4068869053089143e-06,5.529278487034304e-06
38,0.9999945122471449,1.6796276775666285e-06,1.0100673798705345e-06,2.919025539528957e-06,0.9999910102718297,2.450187469954483e-06,1.5425806858022613e-06,5.288099255368166e-06,0.9999665039707436,8.555906145328538e-06,5.504593874995775e-06,2.0676908546190873e-05,0.9999908098767959,2.270736260959323e-06,1.4870787217470739e-06,5.891131750978803e-06
39,0.9999940165659125,1.8244942146099315e-06,1.097220315087538e-06,3.1826872996296235e-06,0.9999903312099868,2.621829542849852e-06,1.6505485598966741e-06,5.687551151263212e-06,0.9999642027359813,9.092400397985545e-06,5.8487696193585565e-06,2.209747331150488e-05,0.999990213216561,2.40015525574728e-06,1.5718418073535986e-06,6.273609905489114e-06
40,0.9999934787970964,1.9816575374654607e-06,1.1917767700638957e-06,3.46873633783076e-06,0.9999896050902134,2.805374125544478e-06,1.7659901765799665e-06,6.114684725231493e-06,0.9999617585584059,9.66229604002366e-06,6.214244004917745e-06,2.360628085931581e-05,0.9999895827890563,2.5368978273194484e-06,1.6614024562516189e-06,6.67773418972841e-06
41,0.9999928945476697,2.152403244923901e-06,1.2945073865103602e-06,3.779509440632327e-06,0.9999888280611259,3.001788974110248e-06,1.8895235346789442e-06,6.5717656061780365e-06,0.9999591611740399,1.0267921616272005e-05,6.602615545289033e-06,2.520966810864812e-05,0.9999889164022553,2.6814399167558395e-06,1.7560715391738817e-06,7.104909818408325e-06
42,0.9999922593075726,2.3380512806052707e-06,1.4062032396477485e-06,4.1174056489538945e-06,0.9999879961834974,3.212063622507397e-06,2.021781021570934e-06,7.061111099300551e-06,0.9999564001056902,1.0911650787915247e-05,7.0155191990811516e-06,2.691410363291526e-05,0.9999882118213327,2.8342667829501763e-06,1.8561659703638122e-06,7.55656944361754e-06
43,0.9999915692624368,2.5397174281426633e-06,1.527533939392529e-06,4.484453937485539e-06,0.9999871060402755,3.4370581478467056e-06,2.163309493089118e-06,7.5847313243646546e-06,0.9999534661436068,1.1595589025707748e-05,7.454373280667134e-06,2.8725273396944247e-05,0.9999874670658766,2.995808295826059e-06,1.9619667389172904e-06,8.033982618234509e-06
44,0.9999907609408059,2.7759811704455222e-06,1.6696287720457921e-06,4.914416993369551e-06,0.999986104003731,3.690243271375184e-06,2.3227184182477723e-06,8.174173820115113e-06,0.9999502186844882,1.235164156231353e-05,7.941065596847784e-06,3.07299876626815e-05,0.999986652473675,3.1725042866894816e-06,2.077680905056349e-06,8.556164662764053e-06
45,0.9999899819504177,3.0036328553940204e-06,1.8066074147199875e-06,5.328777053965745e-06,0.9999851143729455,3.940400121069669e-06,2.4800489608166606e-06,8.756317213452243e-06,0.9999469830831058,1.3106013464152065e-05,8.424915012367932e-06,3.272736772771871e-05,0.9999858366024765,3.349470297095265e-06,2.1935849846342805e-06,9.079165771302801e-06
46,0.9999891155175151,3.256856851373988e-06,1.9589431521682485e-06,5.7896502230900525e-06,0.9999840390268266,4.212170798554353e-06,2.6510584242685216e-06,9.388883191369689e-06,0.9999435027818744,1.3916878299816446e-05,8.945902933578524e-06,3.487581620228681e-05,0.9999849654325712,3.5384345538189565e-06,2.317340431488749e-06,9.637615973078617e-06
47,0.9999881616420982,3.535653158385425e-06,2.1266359843905756e-06,6.297036500742474e-06,0.9999828779653744,4.505555303829236e-06,2.835746808603355e-06,1.0071871753867453e-05,0.9999397777807939,1.4784236069306675e-05,9.504029360479558e-06,3.717533308638581e-05,0.999984038963959,3.739397056860557e-06,2.4489472456197534e-06,1.0231515268091501e-05
48,0.999987120324167,3.840021776428331e-06,2.309685911386968e-06,6.850935886923011e-06,0.9999816311885891,4.8205536368943186e-06,3.0341141138211605e-06,1.0805282900945534e-05,0.9999358080798644,1.5708086772622754e-05,1.0099294293071037e-05,3.962591838001569e-05,0.99998305719664,3.952357806220067e-06,2.5884054270272947e-06,1.086086365634145e-05
49,0.9999859868631757,4.171360708520991e-06,2.5088950311335014e-06,7.453848826468206e-06,0.9999802951942264,5.158021466385394e-06,3.2467465869072477e-06,1.159117696116184e-05,0.999931585030587,1.6690284427389096e-05,1.0733151940607953e-05,4.223291235504274e-05,0.9999820183681539,4.17769942127033e-06,2.7359649393827985e-06,1.1526791015042765e-05
50,0.9999847554195127,4.531406637877675e-06,2.7252599036191166e-06,8.108881687627016e-06,0.9999788656309735,5.519022050352176e-06,3.4743724570464577e-06,1.2432113759936001e-05,0.9999270978869849,1.7733133759137038e-05,1.1407408132874159e-05,4.500295043325629e-05,0.9999809202887062,4.415897287689327e-06,2.8919363590155232e-06,1.2230701176553605e-05
51,0.9999834171748012,4.922702295738437e-06,2.9603652551676146e-06,8.82072538972254e-06,0.999977335598025,5.905366511421862e-06,3.7180217578413606e-06,1.3332152946477908e-05,0.9999223289391329,1.884134821380374e-05,1.2124124048894847e-05,4.794696791452171e-05,0.9999797594414422,4.6677102975626465e-06,3.0568230731264123e-06,1.2974848716557935e-05
52,0.9999819739851614,5.3446983079106745e-06,3.2138917508835754e-06,9.588392521620734e-06,0.9999757062695475,6.316784310762035e-06,3.977481658084603e-06,1.429060372449254e-05,0.9999172807226997,2.001462661422067e-05,1.2882631332212135e-05,5.1063398663900186e-05,0.9999785363450923,4.933023697754532e-06,3.2305536709156603e-06,1.3758901068511778e-05
53,0.9999803856677456,5.809040393831995e-06,3.4930011105331533e-06,1.0433258491876783e-05,0.9999739473719672,6.7610629445118855e-06,4.257428494757249e-06,1.532527583429359e-05,0.9999118775547735,2.127154173902043e-05,1.369330652673729e-05,5.4398976270838304e-05,0.9999772359069713,5.215106148160814e-06,3.415276515348132e-06,1.4592533894619177e-05
54,0.9999786711369404,6.3102476612541626e-06,3.7943214110567005e-06,1.1345261729110902e-05,0.9999720731669336,7.234532461151723e-06,4.555660599415119e-06,1.6427779246613326e-05,0.9999061551052675,2.2603330055789208e-05,1.4551269108840628e-05,5.793167487801103e-05,0.9999758652406031,5.512417111648998e-06,3.609978976900208e-06,1.547118683777578e-05
55,0.9999768136597281,6.853198377962581e-06,4.1208060848474065e-06,1.2333303550840883e-05,0.9999700714456172,7.740288257537183e-06,4.874108916767229e-06,1.7605296449153825e-05,0.9999000834086806,2.401700183160889e-05,1.546096992374299e-05,6.167999887408835e-05,0.9999744183781369,5.826250980893279e-06,3.8155085826120695e-06,1.6398685828977852e-05
56,0.9999747965362624,7.442761050972448e-06,4.475402800070838e-06,1.3406267628387071e-05,0.9999679300221432,8.28142005718845e-06,5.214700615082547e-06,1.8864996425270698e-05,0.9998936325540485,2.551955570847582e-05,1.6426850585918673e-05,6.566241896717872e-05,0.9999728893625575,6.157899792094264e-06,4.0327113272306865e-06,1.7378849852639473e-05
57,0.999972605074401,8.083213411413045e-06,4.860710341903759e-06,1.4571969587442373e-05,0.9999656380999468,8.860674201934815e-06,5.579134291557389e-06,2.0213230800459237e-05,0.9998867759312512,2.7117286713807415e-05,1.745279401392347e-05,6.989536733122285e-05,0.9999712728926646,6.508512954616573e-06,4.262340462629148e-06,1.841507744753713e-05
58,0.9999702237243621,8.779134789951812e-06,5.279427163750817e-06,1.5838681426040445e-05,0.9999631847245417,9.480764249843722e-06,5.969206225177801e-06,2.1656444223981897e-05,0.9998794872044308,2.881590621493763e-05,1.854316095059898e-05,7.439510771383405e-05,0.9999695637087911,6.879233536775077e-06,4.50514063313021e-06,1.9510740568345876e-05
59,0.9999676348386656,9.535842198100523e-06,5.734495497050751e-06,1.721579138110479e-05,0.9999605585551815,1.0144323573338875e-05,6.386951614344525e-06,2.3201308871481072e-05,0.9998717407085459,3.06196980078393e-05,1.970348084688484e-05,7.917749190949032e-05,0.9999677566528543,7.271189097341894e-06,4.76183542989109e-06,2.0669146147816256e-05
60,0.9999648220649918,1.0358197188610104e-05,6.228707059856759e-06,1.871199850156456e-05,0.9999577484896045,1.0854035053048263e-05,6.834258143880587e-06,2.4854356439306716e-05,0.9998635103643799,3.2533827299312384e-05,2.093856157019819e-05,8.425862606069292e-05,0.9999658465040511,7.685516770987956e-06,5.033161442710305e-06,2.189364126452257e-05
61,0.9999617689983977,1.1251046417262779e-05,6.764893095239423e-06,2.033602983155862e-05,0.9999547433272862,1.1612648687965163e-05,7.312986836479654e-06,2.6622176430145738e-05,0.9998547696976271,3.456385379095927e-05,2.2252967647831674e-05,8.965486024418211e-05,0.9999638280043578,8.123360175227078e-06,5.319862137857054e-06,2.31875968584204e-05
62,0.9999584545976435,1.2219853269580773e-05,7.347437560256542e-06,2.2099079268397608e-05,0.9999515282114614,1.2424867507226907e-05,7.824550612246395e-06,2.8513509659968518e-05,0.9998454807877115,3.672537762521326e-05,2.3645599280426036e-05,9.538961469295426e-05,0.9999616948144595,8.58605839409345e-06,5.622873475841019e-06,2.455507719981392e-05
63,0.9999548547704769,1.32718790360506e-05,7.980354265464969e-06,2.401396396348331e-05,0.9999480878990975,1.3294268929187796e-05,8.371646813918135e-06,3.053732440014289e-05,0.9998356091099292,3.902464511399203e-05,2.512340946326745e-05,0.00010148421480365287,0.9999594400952788,9.075102779551416e-06,5.943158465581724e-06,2.6000467005337862e-05
64,0.9999509447852006,1.4414716745792074e-05,8.667624453414847e-06,2.6093841341981553e-05,0.9999444070814222,1.4224229397575234e-05,8.957200752980275e-06,3.270262766805554e-05,0.9998251209039172,4.146607033310301e-05,2.6694890507858905e-05,0.00010795951455194896,0.9999570569374611,9.59200934020161e-06,6.281680666814233e-06,2.7528196061131883e-05
65,0.9999466955765315,1.5656704746380367e-05,9.414511844197348e-06,2.835417461980459e-05,0.9999404672481425,1.521961885262695e-05,9.583962009632445e-06,3.502031023611454e-05,0.9998139731473557,4.4060963358419114e-05,2.8365179593081214e-05,0.00011484208900299995,0.999954537372885,1.0138499483525866e-05,6.639578145924092e-06,2.914337301475618e-05
66,0.9999420799797477,1.70057751179565e-05,1.0225796766313522e-05,3.080941610981588e-05,0.9999362515609629,1.6284696157735372e-05,1.0254602821312357e-05,3.7500279298987573e-05,0.9998021275200559,4.681826799192642e-05,3.013998126947712e-05,0.00012215560999288862,0.9999518741883686,1.0716137163014283e-05,7.017875457636804e-06,3.085062253993603e-05
67,0.9999370674110879,1.8470884487878278e-05,1.1106834753586334e-05,3.347583741244657e-05,0.9999317413459003,1.7424153270378158e-05,1.0972117777388e-05,4.015352229282338e-05,0.9997895418783809,4.9747615218017626e-05,3.202577327103639e-05,0.00012992611244029375,0.9999490594590326,1.1326641605225991e-05,7.417697231970308e-06,3.265502565944778e-05
68,0.9999316241005755,2.0061893204231288e-05,1.2063568269367033e-05,3.637140569265984e-05,0.9999269162756679,1.864313274613482e-05,1.173973116982091e-05,4.299199965708402e-05,0.9997761705826285,5.285967069248269e-05,3.402933351237078e-05,0.00013818179247695436,0.9999460846822743,1.1971856146596235e-05,7.84025124003186e-06,3.456203386837153e-05
69,0.9999257166309486,2.1788561569936378e-05,1.3101874045877606e-05,3.9513901177267635e-05,0.9999217567414875,1.994659116227156e-05,1.2560557107073417e-05,4.6027249484023235e-05,0.9997619701382182,5.6164573101023e-05,3.615714429036731e-05,0.00014694952370068715,0.9999429418227921,1.265352284478513e-05,8.286678727693353e-06,3.6576799164678474e-05
70,0.9999192994997266,2.3664176414497413e-05,1.4229757850115913e-05,4.292753375052767e-05,0.9999162357003241,2.1341368733953918e-05,1.3438886182454091e-05,4.927518400042304e-05,0.9997468801882627,5.967642008254366e-05,3.841817461246841e-05,0.000156266596352516,0.9999396196842096,1.3374069007310358e-05,8.758570060172723e-06,3.870650025217506e-05
71,0.9999123271732823,2.570203699656177e-05,1.5455226722621834e-05,4.663653074027894e-05,0.9999103267201398,2.2834146101512482e-05,1.4378916605660857e-05,5.2751356393872025e-05,0.9997308423853327,6.340880847590017e-05,4.082112333966946e-05,0.0001661690621619419,0.9999361075235818,1.4135823674157654e-05,9.257451037712736e-06,4.0958025235618686e-05
72,0.9999047513287569,2.7916264089872266e-05,1.678676962653383e-05,5.066660526851088e-05,0.9999040029833567,2.4431690893094726e-05,1.5384917320827717e-05,5.6471547670244586e-05,0.9997137988300432,6.73751645759668e-05,4.337468254954586e-05,0.00017669270214152092,0.9999323948443442,1.4941062551256866e-05,9.784812129792281e-06,4.33381045041026e-05
73,0.9998965250264811,3.032057078852282e-05,1.8232636882486478e-05,5.50427335897754e-05,0.9998972378142204,2.6140740510497075e-05,1.646112963602697e-05,6.045145487398222e-05,0.9996956912387199,7.158903980873784e-05,4.608756929329058e-05,0.00018787353148819462,0.9999284709911174,1.579209573100019e-05,1.0342166543351884e-05,4.585357013742293e-05
74,0.9998875894488026,3.2932146560995534e-05,1.9803157521397317e-05,5.979621485683493e-05,0.9998899991074646,2.7969393405780228e-05,1.7612667022887875e-05,6.470997134761204e-05,0.9996764507983943,7.606637112952567e-05,4.8970129737568406e-05,0.00019975408004886837,0.9999243235470185,1.6691615218583238e-05,1.093127728864067e-05,4.851238400343709e-05
75,0.9998778823248177,3.5769191580198756e-05,2.150926487794265e-05,6.496018646601249e-05,0.9998822531841443,2.9926142462667905e-05,1.8844895786960598e-05,6.926691684693573e-05,0.9996560056507972,8.082378506564954e-05,5.203318156392553e-05,0.0002123787618834384,0.9999199395866294,1.76424232753781e-05,1.1553979490362693e-05,5.132283413407229e-05
76,0.9998673379207362,3.8850911818988006e-05,2.3362505332437303e-05,7.056962985413549e-05,0.9998739649187797,3.201985120187733e-05,2.0163406316648672e-05,7.414296294261213e-05,0.999634281242752,8.587856914310076e-05,5.528790767187834e-05,0.00022579365974320108,0.9999153057557075,1.8647414871447187e-05,1.2212169302007676e-05,5.4293483648189806e-05
77,0.9998558930263712,4.2195777131499084e-05,2.537398136741423e-05,7.665818287163205e-05,0.9998651002934459,3.425910293626902e-05,2.157361374368e-05,7.935812911494757e-05,0.9996112051306676,9.124751680330417e-05,5.8745181131992584e-05,0.00024004355070730949,0.9999104090454451,1.9709410168367838e-05,1.2907693821207224e-05,5.743267409447738e-05
78,0.9998434576198152,4.583007817810549e-05,2.7559511604866403e-05,8.32737581436522e-05,0.9998556135231322,3.6655458013921874e-05,2.3082795193595907e-05,8.493936290104188e-05,0.9995866824579095,9.695267083069961e-05,6.24191667558602e-05,0.0002551870838141109,0.9999052327770062,2.0832024121615424e-05,1.364292133375315e-05,6.075110106771511e-05
79,0.9998299571483157,4.97755911912128e-05,2.993219478733576e-05,9.045603344762775e-05,0.999845465738231,3.921872814894772e-05,2.4697132190888695e-05,9.090954067010568e-05,0.9995606316508439,0.00010301296789787289,6.632207164665727e-05,0.00027127468892189084,0.9998997624593983,2.2018397807582223e-05,1.4419909426667379e-05,6.425805689665802e-05
80,0.9998152950566378,5.406050440417763e-05,3.250900294125758e-05,9.82564037586071e-05,0.9998346087601272,4.196108279219778e-05,2.6424275649107093e-05,9.729702067234226e-05,0.9995329537102129,0.00010945143936922165,7.046864326328406e-05,0.00028836758646484976,0.9998939807835141,2.3272282405122813e-05,1.524111589708732e-05,6.796464171288498e-05
81,0.9997993716353326,5.871392692981904e-05,3.530746249419619e-05,0.0001067279429851527,0.999822992978525,4.4895053252627795e-05,2.827210352437401e-05,0.00010413100393896715,0.9995035468681558,0.00011629176320820001,7.487403825806753e-05,0.00030652870968814585,0.9998878699820949,2.4597528338879593e-05,1.6109063604585165e-05,7.188224949075287e-05
82,0.9997820778300132,6.376769208338735e-05,3.834674388988082e-05,0.00011592870175541946,0.9998105648524651,4.803416501294125e-05,3.024911553855816e-05,0.00011144300622435367,0.9994723020199058,0.00012355933323984756,7.955449090613282e-05,0.0003258255352585623,0.9998814111020317,2.5998242785043183e-05,1.702644378903048e-05,7.602303492352947e-05
83,0.9997632948658831,6.925646442039766e-05,4.1647723043292193e-05,0.00012592191439510602,0.9997972676220074,5.1392749038470204e-05,3.236432688402597e-05,0.00011926644131106346,0.9994391048489287,0.0001312807057169213,8.452704529167696e-05,0.00034632877937295915,0.9998745844237741,2.7478698706270264e-05,1.7996056256817054e-05,8.039964479205364e-05
84,0.99974289423785,7.521774497036608e-05,4.523298774918096e-05,0.0001367759971722582,0.9997830404339753,5.49861716742585e-05,3.4627400148266903e-05,0.00012763713344318152,0.9994038333978894,0.00013948422433938845,8.98098672367146e-05,0.00036811388984478866,0.9998673689928557,2.904343643832141e-05,1.902087616314909e-05,8.50255180721476e-05
85,0.9997207376978545,8.16918749064597e-05,4.9126839701387514e-05,0.00014856455527953086,0.999767818364184,5.8830828688588396e-05,3.704864205309493e-05,0.0001365933043152395,0.9993663581353849,0.00014820000252296038,9.542223622918536e-05,0.0003912610051732164,0.9998597426330114,3.0697260846201275e-05,2.0104052139176226e-05,8.991487753247828e-05
86,0.9996966730005026,8.872328982400895e-05,5.335601772846432e-05,0.00016136865968682397,0.9997515315328392,6.294434135766548e-05,3.9639167632943596e-05,0.00014617609741111688,0.9993265411321343,0.0001574599514615189,0.00010138481474698994,0.00041585548096745865,0.9998516818687975,3.2445258398439376e-05,2.1248916421770332e-05,9.508277991157011e-05
87,0.9996705347238117,9.636027770351947e-05,5.7949558138449544e-05,0.00017527640808816388,0.9997341052991419,6.734551233710751e-05,4.241086494985067e-05,0.00015642946281212042,0.9992842362865524,0.00016729775755287618,0.00010771958775244977,0.0004419877474525919,0.9998431619533779,3.429279108479254e-05,2.2458981066192028e-05,0.00010054509800035739
88,0.9996421480323032,0.00010465386917838479,6.293815440386785e-05,0.00019038091185640145,0.9997154611535487,7.205412333405212e-05,4.537623331272738e-05,0.00016739962904550174,0.9992392903589995,0.00017774877889656458,0.00011444958527622951,0.00046975265613798816,0.9998341569959276,3.6245468529093916e-05,2.373792058128085e-05,0.00010631843849122653
89,0.999611322513208,0.00011365963992528413,6.835522400513122e-05,0.00020678359060342903,0.9996955149598907,7.709136495767511e-05,4.854867276892103e-05,0.00017913614162352791,0.9991915404001498,0.0001888505697636768,0.0001215993218507938,0.0004992510875460301,0.9998246396020484,3.830922582741364e-05,2.508962251229836e-05,0.00011242037314116441
90,0.9995778416420196,0.0001234407801250739,7.423874468950592e-05,0.00022459980090772178,0.9996741737384385,8.248064197301492e-05,5.1942996441577794e-05,0.00019169376238780729,0.9991408087264798,0.0002006440315128507,0.00012919553680847302,0.0005305930845092217,0.9998145801509845,4.049047964455161e-05,2.651828976956237e-05,0.0001188699031306746
91,0.999541479377343,0.00013406325916015915,8.062836182379627e-05,0.00024394996941489225,0.9996513407335195,8.82463047896373e-05,5.557462344778544e-05,0.00020512947748400028,0.9990869108353496,0.0002131715995594851,0.00013726602809453013,0.0005638929163067609,0.9998039479342201,4.27958823162044e-05,2.8028279430786635e-05,0.00012568672756206823
92,0.999501993981174,0.00014559761966618717,8.756647101057727e-05,0.00026496289589108304,0.9996269135408345,9.441412357925627e-05,5.945987155968007e-05,0.00021950360326743266,0.9990296524799054,0.00022647794489079613,0.0001458400509064558,0.0005992709036076447,0.9997927107389785,4.523241162249247e-05,2.9624161855521932e-05,0.00013289151107265945
93,0.9994591102516416,0.0001581240652932702,9.510138892103914e-05,0.00028778526188587647,0.9996007788780988,0.00010101267005585711,6.361671407331069e-05,0.00023488287701294833,0.998968821499152,0.00024061227366322405,0.00015494908174332647,0.0006368585247517014,0.9997808337311436,4.780760963980806e-05,3.131088084868469e-05,0.00014050660189706025
94,0.9994125350457103,0.00017172801805342562,0.00010328458107676958,0.0003125733229013247,0.9995728171485596,0.00010807210962937935,6.806412140254544e-05,0.0002513377596493953,0.9989041949476855,0.00025562630859868253,0.00016462616374265208,0.0006767939592834553,0.99976828042851,5.0529374711610966e-05,3.309361406043677e-05,0.0001485554062471742
95,0.9993619585192147,0.00018649976341784624,0.00011217044039012413,0.0003394922447192158,0.9995429028055615,0.00011562410491371432,7.282200848198054e-05,0.0002689422202837288,0.9988355396652747,0.0002715741277148194,0.00017490585438721188,0.000719221731933463,0.9997550127785331,5.3405944829463455e-05,3.497776183381249e-05,0.0001570623383328264
96,0.9993070357430832,0.00020253970325245977,0.00012181956226803239,0.0003687259591382036,0.9995108991779967,0.00012370315361953825,7.791200978112462e-05,0.00028777679784350345,0.9987626045065319,0.00028851413595154535,0.00018582515411067553,0.0007642975827161601,0.9997409900837398,5.644612802870377e-05,3.696910030830621e-05,0.0001660535114523793
97,0.9992473855921485,0.00021995867322738923,0.0001322989424789984,0.00040047775988692036,0.9994766581601976,0.00013234666835053,8.335752609445047e-05,0.00030792878459831683,0.9986851198790364,0.00030650917949452406,0.00019742356420017395,0.0008121887565791082,0.9997261689376788,5.965931612959126e-05,3.9073790532565905e-05,0.000175556779188222
98,0.9991826093922126,0.00023887261631380864,0.00014367865671268852,0.00043496030250278364,0.9994400254159076,0.00014159363752921833,8.918293934942874e-05,0.000329489146454673,0.9986028054941454,0.00032562462729287866,0.00020974211512322629,0.0008630691427487901,0.9997105042997436,6.305525414477022e-05,4.129822554270274e-05,0.00018560104409813018
99,0.9991122748265042,0.0002594072254094699,0.00015603467015925878,0.00047240424566898846,0.9994008360408251,0.0001514856846623768,9.541432191178563e-05,0.00035255509184157986,0.9985153641687446,0.00034592957794372004,0.00022282446210093086,0.0009171231705209562,0.9996939486063501,6.664423236725275e-05,4.3649155245714106e-05,0.00019621682956623508
100,0.9990358903001639,0.0002817054149172364,0.00016945321878658354,0.0005130720338741721,0.9993589079113379,0.00016206859403281748,0.00010208061946419744,0.00037723401440601577,0.9984224727751744,0.00036749802985851113,0.00023671906089923084,0.0009745515133781223,0.9996764504201751,7.043738073914544e-05,4.613387345280107e-05,0.00020743714916227055
101,0.9989529413531644,0.0003059167080467043,0.0001840245861340704,0.0005572383203967639,0.9993140511320412,0.0001733901435928349,0.00010921197083459096,0.0004036378927722844,0.9983237950960381,0.00039040721914807724,0.0002514760773151316,0.0010355629868089868,0.9996579563487904,7.44462507276218e-05,4.8759952215536264e-05,0.0002192962717957595
102,0.9988628796607684,0.0003322004522750737,0.00019984497090400852,0.0006051958837944521,0.9992660652080615,0.00018550074536588355,0.00011684021864506969,0.0004318849671684073,0.9982189780074896,0.00041473807759070404,0.00026714833856043125,0.0011003769556695484,0.9996384104720181,7.868294023188888e-05,5.1535320967006114e-05,0.000231830090312361
103,0.9987650882017414,0.0003607361742053784,0.0002170221797700612,0.0006572744120250492,0.9992147305620779,0.0001984552174378595,0.00012500058221413923,0.00046210477751094307,0.9981076405877445,0.00044057588950601866,0.0002837946661775363,0.0011692302358821617,0.9996177526532197,8.316046396275958e-05,5.4468497174162565e-05,0.00024507720917262964
104,0.9986589004294166,0.00039171787478411134,0.00023567250125542218,0.0007138301622856716,0.9991598131880502,0.00021231181693482962,0.0001337307350048274,0.00049443539925096,0.9979893800730701,0.00046800995583414753,0.0003014780312972267,0.0012423733191086975,0.9995959194647211,8.789255040177398e-05,5.75684600335818e-05,0.00025907834837277425
105,0.9985436029282689,0.00042535296078798903,0.00025592053160578595,0.0007752445470792057,0.999101065097775,0.00022713246280964717,0.000143070399223518,0.0005290231794327525,0.997863771518996,0.000497135615637047,0.0003202636685258666,0.0013200705761514265,0.9995728443381438,9.289360094569882e-05,6.08446376076926e-05,0.0002738762468321829
106,0.9984184085554634,0.0004618691503660979,0.00027790456726470964,0.0008419386946477007,0.9990382170257324,0.00024298548548766917,0.0001530615531853977,0.0005660270748354319,0.9977303549049235,0.0005280628017176021,0.0003402152860716432,0.0014026083865975542,0.9995484563542705,9.81789246371396e-05,6.430710190960703e-05,0.00028951644271211233
107,0.9982824800491439,0.0005015086664173472,0.00030177161959382877,0.0009143606325869146,0.9989709850292697,0.00025994287205586056,0.000163748511910871,0.0006056147260044549,0.9975886475715346,0.0005609065617458382,0.0003613999411751434,0.0014902873048545854,0.9995226812858166,0.00010376454388525653,6.796639303273841e-05,0.0003060466007947914
108,0.9981349082335215,0.000544535306875317,0.0003276802952164377,0.0009929971321287299,0.9988990664851101,0.00027807987975599123,0.00017517992213636206,0.0006479648522384339,0.9974381437788807,0.0005957783589063393,0.00038389677629269934,0.0015834224652305515,0.99949544065853,0.00010966743256662624,7.183361425325804e-05,0.0003235171181795494
109,0.9979746913741314,0.0005912384622069395,0.0003558061668023693,0.0010783849646013152,0.9988221335127685,0.0002974786764933501,0.00018740778574579046,0.000693271164233284,0.9972782997473759,0.0006328011500682675,0.0004077875074311796,0.0016823529744349332,0.9994666508656334,0.00011590565506580058,7.592060690065712e-05,0.00034198169592967754
110,0.997800753848067,0.000641928474037215,0.0003863378784351006,0.0011711007672028724,0.9987398375361342,0.0003182273253993654,0.00020048663163288298,0.0007417396460746292,0.9971085381829958,0.0006721108430384591,0.0004331533570463126,0.0017874389962296954,0.999436224038229,0.0001224981694843594,8.023983810041692e-05,0.00036149677771569734
111,0.997611925272048,0.0006969435132344804,0.0004194797583054008,0.0012717724241542844,0.9986518058312962,0.00034041887363335364,0.00021447580659707962,0.0007935906277143643,0.9969282502260647,0.00071384423050326,0.0004600862419135864,0.0018990606808288474,0.9994040671483096,0.00012946506874188897,8.480447780652306e-05,0.0003821221286713516
112,0.9974069393392642,0.0007566487152388825,0.00045545314275956023,0.0013810797704795637,0.9985576402339628,0.00036415309889907446,0.00022943825027536068,0.0008490595561038734,0.9967367893230984,0.000758148928386019,0.0004886811427220343,0.002017621985103818,0.9993700820281901,0.000136827539780231,8.962843192603812e-05,0.0004039208236330771
113,0.9971844249832956,0.0008214392003480812,0.0004944973180682449,0.0014997594660302897,0.9984569157946028,0.0003895361468507588,0.0002454413886032885,0.0009083978091841437,0.9965334717821787,0.0008051792041702711,0.0005190399948521691,0.0021435503981092176,0.9993341650420597,0.0001446079500050737,9.472637189340286e-05,0.0004269594595712503
